#"Progress (%)"	"Step"	"Time (ps)"	"Potential Energy (kJ/mole)"	"Kinetic Energy (kJ/mole)"	"Total Energy (kJ/mole)"	"Temperature (K)"	"Box Volume (nm^3)"	"Density (g/mL)"	"Speed (ns/day)"	"Elapsed Time (s)"	"Time Remaining"
1.0%	100	20.199999999999683	-375232.80731569533	59599.90235988759	-315632.9049558077	298.5763336029743	234.04965165307073	1.0211492777447446	0	0.00034308433532714844	--
2.0%	200	20.399999999999572	-374855.44116014894	60013.65314999904	-314841.7880101499	300.6490919305106	234.53933084946988	1.0190172875326184	80	0.21617817878723145	0:21
3.0%	300	20.59999999999946	-374683.1483327842	59624.83806921751	-315058.3102635667	298.7012534832547	233.67253479729163	1.0227972788897581	80.6	0.4285759925842285	0:20
4.0%	400	20.79999999999935	-374541.2395913468	59897.995989233255	-314643.24360211357	300.0696867696119	233.32981458940725	1.0242995870995406	81.6	0.635174036026001	0:20
5.0%	500	20.99999999999924	-374538.392844792	59955.60375976312	-314582.78908502887	300.35828316374676	233.35038506648343	1.0242092922788588	80.9	0.8547160625457764	0:20
6.0%	600	21.19999999999913	-374084.8910148223	59525.26876597095	-314559.62224885134	298.20244331200223	233.14056934112202	1.0251310332533652	80.3	1.0760200023651123	0:20
7.0%	700	21.399999999999018	-373832.24748619157	59317.41488644574	-314514.83259974583	297.16116225588496	233.64174122011653	1.0229320818011622	80.5	1.2882130146026611	0:19
8.0%	800	21.599999999998907	-374641.955774436	59953.217659046524	-314688.7381153895	300.3463295669226	233.1625500276617	1.0250343921594098	79.9	1.5146522521972656	0:19
9.0%	900	21.799999999998796	-374479.7407409232	59842.49119290954	-314637.2495480137	299.79162559958445	233.1310381166047	1.0251729442495006	79.9	1.7307310104370117	0:19
10.0%	1000	21.999999999998685	-374089.35888604587	59767.843810688704	-314321.51507535717	299.417666233645	232.9733412513632	1.0258668715407957	79.3	1.9609332084655762	0:19
11.0%	1100	22.199999999998575	-374817.42187594203	60717.27503035311	-314100.1468455889	304.1740111495116	233.14769224726817	1.0250997144268008	79.3	2.1802151203155518	0:19
12.0%	1200	22.399999999998464	-373972.89793340047	60145.096743453294	-313827.8011899472	301.3075820396419	233.71411071241613	1.0226153312412956	79.3	2.3968420028686523	0:19
13.0%	1300	22.599999999998353	-373607.4741931313	59967.62876455905	-313639.84542857227	300.41852456853707	233.83300386787357	1.0220953791321432	79.1	2.622035264968872	0:19
14.0%	1400	22.799999999998242	-373065.7800373216	60015.071485046064	-313050.70855227555	300.65619733272433	234.2404963499977	1.0203173083480555	79.1	2.8417179584503174	0:18
15.0%	1500	22.99999999999813	-372818.3224292714	59700.890154604625	-313117.4322746668	299.08224996007147	233.8679339559117	1.0219427208306289	79.1	3.0604469776153564	0:18
16.0%	1600	23.19999999999802	-374109.70729263173	60739.71092761238	-313369.99636501935	304.28640777567244	233.9793149062084	1.021456246411125	78.9	3.284590005874634	0:18
17.0%	1700	23.39999999999791	-373445.6493035406	60057.85467620008	-313387.7946273405	300.87052735423117	234.00442493652702	1.0213466382388714	79	3.500944137573242	0:18
18.0%	1800	23.5999999999978	-373555.3563347906	60321.48733571835	-313233.86899907223	302.1912421504008	234.00442493652702	1.0213466382388714	78.8	3.7287862300872803	0:17
19.0%	1900	23.799999999997688	-373681.85233794944	59948.06623680511	-313733.78610114433	300.32052259904543	233.50702456549368	1.0235222395843082	78.9	3.944683074951172	0:17
20.0%	2000	23.999999999997577	-373196.50672134524	60030.75235772377	-313165.75436362147	300.73475345926846	233.36065207740035	1.0241642308347316	78.6	4.17672324180603	0:17
21.0%	2100	24.199999999997466	-373411.8661996564	60430.77369999216	-312981.0924996642	302.7387316707801	233.2299679504252	1.024738093660174	78.6	4.3976991176605225	0:17
22.0%	2200	24.399999999997355	-373239.1716582414	60234.5716503092	-313004.6000079322	301.7558225330102	233.10205493770408	1.0253004110401953	78.7	4.613387107849121	0:17
23.0%	2300	24.599999999997245	-373704.90781622636	60545.66330339233	-313159.244512834	303.3142916162509	233.3237882335306	1.024326043012514	78.5	4.8427839279174805	0:16
24.0%	2400	24.799999999997134	-373583.20859747636	60333.20418619225	-313250.0044112841	302.24993980119126	233.3237882335306	1.024326043012514	78.6	5.059361934661865	0:16
25.0%	2500	24.999999999997023	-372843.80471405294	59452.87701267144	-313390.9277013815	297.839783921174	233.6512158313039	1.0228906016671442	78.5	5.281882047653198	0:16
26.0%	2600	25.199999999996912	-373968.6802937896	60307.16662164756	-313661.51367214206	302.11949998082446	234.1568412124893	1.0206818280618084	78.4	5.509411096572876	0:16
27.0%	2700	25.3999999999968	-374062.851414684	60553.11371396785	-313509.7377007161	303.35161577594573	233.82503549037696	1.0221302104828642	78.5	5.726207971572876	0:16
28.0%	2800	25.59999999999669	-374426.7247247277	60726.1929402852	-313700.5317844425	304.21868700879145	233.67933196451492	1.022767528187881	78.3	5.960888147354126	0:15
29.0%	2900	25.79999999999658	-374350.8584606014	60006.91671459982	-314343.9417460016	300.6153445567162	233.27730857625545	1.0245301362597647	78.3	6.176033973693848	0:15
30.0%	3000	25.99999999999647	-374396.3154918514	60076.07159858593	-314320.2438932655	300.9617882737987	233.27730857625545	1.0245301362597647	78.3	6.403475284576416	0:15
31.0%	3100	26.199999999996358	-374141.467433176	60257.44774400361	-313884.0196891724	301.8704244016709	232.92134420453525	1.0260958846780028	78.2	6.630985975265503	0:15
32.0%	3200	26.399999999996247	-374832.96696369513	60190.26380311232	-314642.7031605828	301.53385447531105	233.07238156090165	1.025430946135039	78.3	6.8435750007629395	0:15
33.0%	3300	26.599999999996136	-374935.10758869513	59171.47320083249	-315763.63438786264	296.4300413700298	233.07238156090165	1.025430946135039	78.2	7.0726001262664795	0:14
34.0%	3400	26.799999999996025	-375222.5041798351	59318.93831435824	-315903.56586547685	297.16879413953933	232.50019798804354	1.0279545342762801	78.2	7.294445991516113	0:14
35.0%	3500	26.999999999995914	-375111.4963673351	59493.75409387308	-315617.742273462	298.0445649451408	232.50019798804354	1.0279545342762801	78.1	7.522705078125	0:14
36.0%	3600	27.199999999995804	-374704.804563364	59495.719777785824	-315209.0847855782	298.0544123890534	232.62198608577563	1.027416353731134	77.9	7.759458065032959	0:14
37.0%	3700	27.399999999995693	-375059.02267275564	59512.43411054196	-315546.5885622137	298.1381458180583	232.8691787258673	1.0263257424173409	77.9	7.980859041213989	0:13
38.0%	3800	27.599999999995582	-375062.1846494647	59567.51343411044	-315494.67121535423	298.4140755064847	232.81143840709697	1.0265802847883465	78	8.197324991226196	0:13
39.0%	3900	27.79999999999547	-375495.204223495	60109.67000954517	-315385.5342139498	301.1301055018793	233.23239810402384	1.0247274164515778	78.1	8.411545991897583	0:13
40.0%	4000	27.99999999999536	-374287.809692245	59288.39286559448	-314999.4168266505	297.0157712697187	233.23239810402384	1.0247274164515778	78	8.645084142684937	0:13
41.0%	4100	28.19999999999525	-375024.70507053286	59432.42571045109	-315592.27936008177	297.7373294775831	232.65689024809333	1.0272622164212943	78	8.863656997680664	0:13
42.0%	4200	28.39999999999514	-375245.040804239	59196.18580573343	-316048.85499850556	296.55384356890835	232.64229941328057	1.0273266441429383	77.9	9.093500137329102	0:12
43.0%	4300	28.599999999995028	-376361.44744375115	59880.254538074805	-316481.1929056763	299.98080780790326	232.8221336320761	1.0265331264407545	77.9	9.312927007675171	0:12
44.0%	4400	28.799999999994917	-375792.70660257316	59486.11191575957	-316306.5946868136	298.00628009178484	232.022173474073	1.0300723812875103	78	9.528221130371094	0:12
45.0%	4500	28.999999999994806	-375961.5047737325	59731.571910857456	-316229.93286287505	299.23595568655327	232.84508586443587	1.0264319380186084	78	9.751370906829834	0:12
46.0%	4600	29.199999999994695	-375933.6024299825	59525.683693643194	-316407.9187363393	298.2045219661306	232.84508586443587	1.0264319380186084	78	9.967697143554688	0:11
47.0%	4700	29.399999999994584	-375660.92904223874	59274.73830684641	-316386.19073539233	296.94736632396314	232.4884292303926	1.0280065701897667	78	10.191230058670044	0:11
48.0%	4800	29.599999999994473	-376016.17513598874	59196.143111192214	-316820.0320247965	296.5536296829945	232.4884292303926	1.0280065701897667	78	10.41805911064148	0:11
49.0%	4900	29.799999999994363	-376320.86170012155	59040.675239601405	-317280.18646052014	295.77478567059416	232.992498076653	1.02578252396484	78	10.634057998657227	0:11
50.0%	5000	29.99999999999425	-375705.5661767551	58713.685144880554	-316991.88103187457	294.1366705103259	232.57112782073477	1.0276410274200607	77.9	10.866801023483276	0:11
51.0%	5100	30.19999999999414	-375701.5024751825	58699.95188096585	-317001.5505942167	294.0678712770101	232.88283381220947	1.0262655638013454	77.9	11.085015058517456	0:10
52.0%	5200	30.39999999999403	-376606.9378088042	59547.42637064075	-317059.51143816346	298.31344578183496	233.35228570622843	1.0242009501583513	78	11.305008172988892	0:10
53.0%	5300	30.59999999999392	-375817.76888799504	59039.20540520415	-316778.5634827909	295.76742227320665	233.34315853253537	1.0242410115855962	78	11.520257949829102	0:10
54.0%	5400	30.79999999999381	-375501.47989037796	58628.080864557065	-316873.3990258209	293.707820610449	233.77752229846175	1.0223379493123954	78.1	11.730447053909302	0:10
55.0%	5500	30.999999999993697	-375372.3104086886	58878.290731362154	-316494.01967732643	294.9612915341234	234.13089554139881	1.0207949369060627	78	11.961603164672852	0:09
56.0%	5600	31.199999999993587	-375114.8177122355	58836.1591378717	-316278.6585743638	294.7502258072491	234.33348858618285	1.0199124085247562	78.1	12.175997257232666	0:09
57.0%	5700	31.399999999993476	-375622.26317782025	59138.24398404743	-316484.0191937728	296.26357368596763	234.21432659950995	1.0204313126865838	78.1	12.396860122680664	0:09
58.0%	5800	31.599999999993365	-375332.37059256085	58944.61612611567	-316387.7544664452	295.2935604205839	233.97175489904865	1.0214892513203693	78.1	12.614044189453125	0:09
59.0%	5900	31.799999999993254	-375300.78465506085	59054.96569217066	-316245.8189628902	295.84637623978495	233.97175489904865	1.0214892513203693	78.1	12.830344200134277	0:09
60.0%	6000	31.999999999993143	-375939.2332027969	59775.62312953413	-316163.61007326277	299.45663811794054	233.290954632509	1.0244702076787582	78	13.063086032867432	0:08
61.0%	6100	32.19999999999339	-375643.4363277969	59827.3918626816	-315816.0444651153	299.71598281359303	233.290954632509	1.0244702076787582	78.1	13.277339220046997	0:08
62.0%	6200	32.39999999999363	-375555.10151434434	59846.840791655355	-315708.260722689	299.8134156897481	233.2668452351802	1.0245760922474096	78.1	13.501471042633057	0:08
63.0%	6300	32.59999999999388	-374689.61323309434	59347.40596771764	-315342.2072653767	297.311407922948	233.2668452351802	1.0245760922474096	78.1	13.723297119140625	0:08
64.0%	6400	32.79999999999412	-374834.80073309434	59810.952935409034	-315023.8477976853	299.6336290774447	233.2668452351802	1.0245760922474096	78.1	13.946291208267212	0:07
65.0%	6500	32.999999999994365	-374106.0210636712	59374.4805172045	-314731.5405464667	297.4470427042086	233.581123011344	1.023197549788024	78	14.169929027557373	0:07
66.0%	6600	33.19999999999461	-374479.6429565251	59263.91386289845	-315215.7290936266	296.8931393427215	233.74049131152952	1.0224999160432298	78	14.40151596069336	0:07
67.0%	6700	33.399999999994854	-373761.044612583	59387.74988762918	-314373.2947249538	297.51351798040446	233.69523371238517	1.0226979341653382	77.9	14.639219999313354	0:07
68.0%	6800	33.5999999999951	-374151.30890024593	60266.359585827566	-313884.94931441837	301.91506986168156	234.01655501601368	1.0212936974719056	77.9	14.85627007484436	0:07
69.0%	6900	33.79999999999534	-374385.890260627	60494.844293187256	-313891.0459674398	303.05970472695134	233.91808135776986	1.021723636559759	77.9	15.07542109489441	0:06
70.0%	7000	33.99999999999559	-374456.0433727442	60064.28269357351	-314391.7606791707	300.9027296529548	233.54362704344587	1.0233618265142441	77.9	15.29765510559082	0:06
71.0%	7100	34.19999999999583	-374461.9031857592	59961.064051124355	-314500.8391346348	300.38563746653057	233.53319960720876	1.0234075204036417	78	15.514482259750366	0:06
72.0%	7200	34.399999999996076	-374510.3309483647	59842.71067598765	-314667.62027237704	299.7927251391836	233.71309885096062	1.0226197586569712	78	15.733931064605713	0:06
73.0%	7300	34.59999999999632	-374896.71074523125	60037.17954371887	-314859.5312015124	300.7669515930542	233.95473663565207	1.0215635561768803	78	15.955170154571533	0:05
74.0%	7400	34.799999999996565	-374124.37037384	59364.35072872392	-314760.01964511606	297.39629572334206	234.87830853933693	1.0175466360782102	78	16.171534061431885	0:05
75.0%	7500	34.99999999999681	-374856.0278348259	59524.72554740647	-315331.30228741944	298.19972196178344	234.60693082644653	1.0187236664322812	78	16.393100023269653	0:05
76.0%	7600	35.199999999997054	-375101.5592086122	59433.41518441553	-315668.14402419666	297.74228642376585	233.52232047532996	1.0234551980104654	78	16.60895800590515	0:05
77.0%	7700	35.3999999999973	-375403.49181112554	59548.39031280822	-315855.1014983173	298.3182748219301	233.72174288790498	1.0225819377727665	78	16.83321213722229	0:05
78.0%	7800	35.59999999999754	-375785.35118612554	59874.247985626454	-315911.1032004991	299.95071691284113	233.72174288790498	1.0225819377727665	78	17.050949096679688	0:04
79.0%	7900	35.79999999999779	-375373.29001560574	59738.67695471988	-315634.61306088587	299.2715496701427	234.13540352822105	1.0207752827655339	78.1	17.267726182937622	0:04
80.0%	8000	35.99999999999803	-375431.9209889658	60289.363527558045	-315142.55746140773	302.03031220786573	233.7015972916767	1.0226700866047276	78	17.49534797668457	0:04
81.0%	8100	36.199999999998276	-374724.5261739879	59300.29976843356	-315424.22640555433	297.07542102170635	233.59678379660895	1.0231289526230698	78.1	17.70958423614502	0:04
82.0%	8200	36.39999999999852	-375662.78757356387	60308.5032557752	-315354.28431778867	302.1261960877206	233.7940522170634	1.0222656670497576	78.1	17.932512044906616	0:03
83.0%	8300	36.599999999998765	-374862.2643145288	59830.53067228163	-315031.73364224716	299.7317072397271	233.5722421001265	1.023236453925416	78.1	18.140640020370483	0:03
84.0%	8400	36.79999999999901	-375109.5807207788	59786.65231917519	-315322.9284016036	299.51189080922444	233.5722421001265	1.023236453925416	78.2	18.348528146743774	0:03
85.0%	8500	36.999999999999254	-375229.3932207788	59796.83431343944	-315432.55890733935	299.5628993242691	233.5722421001265	1.023236453925416	78.2	18.567123889923096	0:03
86.0%	8600	37.1999999999995	-374813.13141688355	59487.26248712966	-315325.8689297539	298.01204408413435	233.55533695104015	1.0233105175928534	78.2	18.77467107772827	0:03
87.0%	8700	37.39999999999974	-374854.7878646613	59595.284331636736	-315259.5035330246	298.5531987673618	233.7863566964586	1.0222993168598473	78.2	18.996366024017334	0:02
88.0%	8800	37.59999999999999	-374871.0417709113	59694.33188592858	-315176.70988498273	299.0493951442321	233.7863566964586	1.0222993168598473	78.3	19.21009612083435	0:02
89.0%	8900	37.80000000000023	-374689.8455938911	60014.99349423114	-314674.85209965997	300.65580662383627	233.43326348889588	1.0238456557983695	78.3	19.42742919921875	0:02
90.0%	9000	38.000000000000476	-375194.87160591874	60347.47887436845	-314847.39273155027	302.3214513958452	233.63967999462875	1.0229411063541805	78.3	19.644220113754272	0:02
91.0%	9100	38.20000000000072	-375172.44071495766	60115.52768954483	-315056.9130254128	301.1594505938756	233.71304407465243	1.022619998332661	78.3	19.859077215194702	0:01
92.0%	9200	38.400000000000965	-375023.75321495766	60011.177214565454	-315012.5760003922	300.6366882906602	233.71304407465243	1.022619998332661	78.3	20.086063146591187	0:01
93.0%	9300	38.60000000000121	-375503.5310213403	60315.91797172488	-315187.6130496154	302.1633414288252	233.76599300560304	1.022388370819248	78.2	20.32258915901184	0:01
94.0%	9400	38.800000000001454	-375512.0036775903	60256.821388581186	-315255.1822890091	301.8672865625444	233.76599300560304	1.022388370819248	78.2	20.560595989227295	0:01
95.0%	9500	39.0000000000017	-375017.76667921245	60155.73233315698	-314862.0343460555	301.3608629218865	234.24676452514387	1.020290005825409	78.1	20.7970290184021	0:01
96.0%	9600	39.20000000000194	-374943.23542921245	60016.810914754635	-314926.4245144578	300.664911315875	234.24676452514387	1.020290005825409	78.1	21.021183013916016	0:00
97.0%	9700	39.40000000000219	-374574.9755289387	59884.09400933306	-314690.88151960564	300.0000423234959	234.34645251695204	1.0198559874707451	78	21.257522106170654	0:00
98.0%	9800	39.60000000000243	-375268.5880921229	60720.92741367663	-314547.6606784463	304.1923084147498	234.39820613920855	1.019630809802362	78	21.47698712348938	0:00
99.0%	9900	39.800000000002676	-374263.4394609276	60055.172485503135	-314208.2669754245	300.8570904418771	234.3850433185495	1.0196880712099068	78	21.70488214492798	0:00
100.0%	10000	40.00000000000292	-374375.63691171305	59747.99421347852	-314627.64269823453	299.3182261385468	234.3627623899352	1.0197850132193447	78	21.9345600605011	0:00
